;10;0;19;1;24;4;2;
10;0;226.615;145.404;161.564;166.99;169.572;186.485;
0;226.615;0;148.633;177.909;162.537;163.9;171.668;
19;145.404;148.633;0;113.198;123.286;147.074;149.806;
1;161.564;177.909;113.198;0;167.338;180.79;168.482;
24;166.99;162.537;123.286;167.338;0;124.834;165.508;
4;169.572;163.9;147.074;180.79;124.834;0;132.053;
2;186.485;171.668;149.806;168.482;165.508;132.053;0;
